-1178.565582040939
-1065.456989448106
-953.4044301332177
-842.5629219761049
-733.0837330832901
-625.1145688925179
-518.7997905499274
-414.2806720350601
-311.69570574404565
-211.18096929546977
-112.87057055869883
-16.897193873747753
76.60722100200292
167.51062314288492
255.6797550411875
340.9787258229232
423.26711576581704
502.39740022635556
578.2113539620756
650.5348754558817
719.170192795239
783.8841379527003
844.3835520350334
900.3148766141533
950.911486344067
996.6480866489125
1028.3243704108852
1075.1595192950738
1053.1917698015855
1164.9873419465139
1151.1566450878909
1282.8198823910861
1281.943782449271
1416.29252473477
1416.2653544392633
1561.1567259570052
1561.156164990924
1716.8595863748856
1716.8595594822314
1883.0786016398981
1883.0785727843045
2059.539799442459
2059.539758254521
2246.0221808769593
2246.02212438236
2442.3500676076605
2442.3499926308414
2648.3834871580925
2648.3833902338492
2864.0100860868192
2864.0099634550097
3089.138888908957
3089.138736510945
3323.695582241457
3323.6953957176347
3567.6189553135328
3567.618730001947
3820.858196808076
3820.85792774418
4083.370824046527
4083.370505964081
4355.121081516592
4355.120708849729
4636.078690657629
4636.078257544106
4926.217865010597
4926.217365296235
5225.516527773503
5225.515955017835
5533.955685189826
5533.955032672961
5851.518920987896
5851.518181718606
6178.191985647184
6178.191152372209
6513.962460537903
6513.961525752495
6858.819481618375
6858.818437578061
7212.753510837279
7212.752349570853
7575.756145996054
7575.75485931979
7947.819961808092
7947.818541341171
8328.938376408734
8328.936813589877
8719.105538740801
8719.103824846086
9118.3162331505
9118.314359312377
9526.565798240465
9526.563755467914
9943.85005758754
9943.847836787387
10370.1652603771
10370.162852376443
10805.50803035978
10805.50542592953
11249.875321820142
11249.872511699628
11703.264381475099
11703.261356397728
12165.672715404966
12165.66946612489
12637.098060270115
12637.094577589885
13117.538358189113
13117.534632988296
13606.991734754745
13606.987758019439
14105.45647974736
14105.452242600588
14612.931030173406
14612.926523906352
15129.413955313925
15129.409171417958
15654.903943515128
15654.89887371457
16189.39979049269
16189.394426778295
16732.900388954647
16732.894723617723
17285.404719375583
17285.39874504273
17846.911841778354
17846.905551446747
18417.420888399494
18417.414275472664
18996.931057131373
18996.92411545544
19585.44160564839
19585.434329548687
20182.951846136963
20182.94423045498
20789.461140559335
20789.45318068995
21404.968896390295
21404.960588319213
22029.474562773645
22029.46590311499
22662.9776270518
22662.9686130858
23305.477611627754
23305.46824133845
23956.974071123477
23956.96434323642
24617.466589803254
24617.45650382306
25286.954779233998
25286.94433548178
25965.438276158122
25965.427475808683
26652.91674055708
26652.90558567578
27349.389853886296
27349.378347465612
28054.857317464506
28054.845463460115
28769.318851002095
28769.306654368494
29492.774191255085
29492.761657980634
30225.223090792482
30225.210227933836
30966.66531686641
30966.652132582232
31717.1006503752
31717.087153959135
32476.528884910895
32476.515086823725
33244.9498258834
33244.93573778427
34022.3632897143
34022.34892449105
34808.76910309417
34808.7544748926
35604.16710229756
35604.152226549595
36408.55713255085
36408.542026001654
37221.93904744815
37221.92372818192
38044.31270841128
38044.29719587587
38875.67798418998
38875.66229922013
39716.03475039903
39716.018915238245
40565.382889089145
40565.36692741015
41423.72228834901
41423.706225272676
42291.05284193564
42291.0367040484
43167.374448931136
43167.358264300776
44052.687013423405
44052.670811613214
44946.99044420912
