-1214.6451028384388
-1144.1898309482508
-1074.2464341583398
-1004.8206802541523
-935.9185585338754
-867.5462941952012
-799.71036405284
-732.4175137482559
-665.674776637611
-599.4894945728748
-533.8693408255455
-468.82234544358624
-404.3569233816098
-340.48190580397284
-277.2065750327927
-214.5407037011949
-152.49459878051877
-91.07915128423919
-30.305892618201323
29.81294124396295
89.2643363167536
148.0344161090504
206.10834386512806
263.4702087596799
320.1028925228827
375.9879119824734
431.1052316762717
485.4330388645991
538.9474707374488
591.6222800268048
643.4284200649553
694.3335227083458
744.3012310220942
793.2903307336925
841.2535953309927
888.1362143916268
933.8735663231726
978.3881303494525
1021.5836214312063
1063.3433845187872
1103.4768711453369
1141.9152992680386
1177.4953050826837
1213.0397129020464
1235.9932602791491
1279.7750966587466
1284.4014435837582
1350.843244219035
1351.1208192888537
1430.2245954828313
1430.234317954028
1517.164651832906
1517.1648955752873
1610.655842529488
1610.6558472168592
1710.067178641008
1710.0671787128479
1814.9885920155139
1814.9885920164138
1925.1339186784182
1925.1339186784278
2040.293126569282
2040.293126569282
2160.306412828358
2160.306412828358
2285.0488654115193
2285.0488654115193
2414.4207675920566
2414.4207675920566
2548.341156760664
2548.341156760664
2686.743374142144
2686.743374142144
2829.571891027986
2829.571891027986
2976.7799853734696
2976.7799853734696
3128.3280031622635
3128.3280031622635
3284.182032827883
3284.182032827883
3444.3128782119916
3444.3128782119916
3608.6952516119386
3608.6952516119386
3777.3071319168553
3777.3071319168553
3950.1292484771243
3950.1292484771243
4127.144662035747
4127.144662035747
4308.338421496551
4308.338421496551
4493.69728058993
4493.69728058993
4683.209462311029
4683.209462311029
4876.86446179857
4876.86446179857
5074.6528803959745
5074.6528803959745
5276.566285194337
5276.566285194337
5482.59708954061
5482.59708954061
5692.738450903129
5692.738450903129
5906.984183190869
5906.984183190869
6125.328681173357
6125.328681173357
6347.766855082025
6347.766855082025
6574.294073818297
6574.294073818297
6804.906115469092
6804.906115469092
7039.599124052106
7039.599124052106
7278.369571592708
7278.369571592708
7521.214224780354
7521.214224780354
7768.130115572155
7768.130115572155
8019.114515209555
8019.114515209555
8274.164911195548
8274.164911195548
8533.278986847332
8533.278986847332
8796.454603095739
8796.454603095739
9063.689782249881
9063.689782249881
9334.98269348516
9334.98269348516
9610.331639846198
9610.331639846198
9889.735046584565
9889.735046584565
10173.19145067525
10173.19145067525
10460.699491376245
10460.699491376245
10752.257901713168
10752.257901713168
11047.865500785803
11047.865500785803
11347.521186806349
11347.521186806349
11651.22393079025
11651.22393079025
11958.97277083006
11958.97277083006
12270.766806891135
12270.766806891135
12586.605196075107
12586.605196075107
12906.487148303333
12906.487148303333
13230.411922378098
13230.411922378098
13558.378822383951
13558.378822383951
13890.387194395858
13890.387194395858
14226.436423464456
14226.436423464456
14566.52593085193
14566.52593085193
14910.655171494855
14910.655171494855
15258.823631672845
15258.823631672845
15611.030826864078
15611.030826864078
15967.27629977066
15967.27629977066
16327.559618498599
16327.559618498599
16691.88037487863
16691.88037487863
17060.23818291552
17060.23818291552
17432.632677354697
17432.632677354697
17809.063512356173
17809.063512356173
18189.53036026655
18189.53036026655
18574.032910480997
18574.032910480997
18962.57086838761
18962.57086838761
19355.143954387484
19355.143954387484
19751.751902984248
19751.751902984248
20152.394461937547
20152.394461937547
20557.071391475343
20557.071391475343
20965.782463560372
