101.7818729655624
88.17798091225634
74.47679764927157
60.81217702809415
47.312879820142186
34.102614179825586
21.300084161924847
9.019048849655162
-2.6316044457064867
-13.547768175301252
-23.629997164072826
-32.78335660668193
-40.91722225499933
-47.9450136145943
-53.783831690896925
-58.353958081434335
-61.57814807247687
-63.38060952669778
-63.68548706495474
-62.41454096494181
-59.48341070209259
-54.7957445184798
-48.22881358895021
-39.64044049418879
-28.60252554936424
-15.731140019802423
5.893283899502944
13.052252344336754
64.69786189194612
25.11411916203685
43.03267402231678
19.65344837502544
20.695469368074733
13.79611706959639
13.827132975205185
10.103531001095146
10.104152646224058
7.685181705384651
7.685209297141233
6.005428294595343
6.0054571563177355
4.789313513232421
4.789354701212022
3.8818023629941707
3.8818588575941395
3.188549350315062
3.1886243271340495
2.6488938950768746
2.6489908193203444
2.222179827248422
2.222302459058199
1.8802542095994677
1.8804066076117456
1.6030991133526518
1.6032856371748627
1.3761642445608422
1.3763895561465873
1.188674348980817
1.1889434128770295
1.032520435681317
1.032838518127408
0.901513689657281
0.9018863565193105
0.7908717672525895
0.7913048807746714
0.6968579758333341
0.6973576901951337
0.6165233695785118
0.617096125246523
0.5475195313319854
0.548172048196564
0.4879607748018164
0.48870004409234735
0.43632145138235184
0.4371547263570911
0.3913585505372878
0.3922933359450637
0.3520527610126965
0.3530968013267697
0.31756316478336577
0.3187244312093714
0.28719210685855584
0.28847878312245
0.2603577358511958
0.2617782027717047
0.23657237975416984
0.23813519861224747
0.2154253981958394
0.2171392929094791
0.19656949585615088
0.1984433339778735
0.17970973167777002
0.18175250422705302
0.16459464218762523
0.16681544234119394
0.1510090334599764
0.1534170341173164
0.1387680981168934
0.14137252836708353
0.12771259053988274
0.13052271105297059
0.11770485178510698
0.12072992915572817
0.10862552026573274
0.1118748003436768
0.10037079860475923
0.10385347883472001
0.09285017362037244
0.09657537443669273
0.08598450714491133
0.0899612424514355
0.07970443158389072
0.08394157835558597
0.07394899691299324
0.0784552639659481
0.06866452593370902
0.07344842190021117
0.06380364265040317
0.06887344320758482
0.0593244450713455
0.06468815946618611
0.05518979889916251
0.06085513582255231
0.05136673273979618
0.05734106559199725
0.04782591882668513
0.05411625043440499
0.04454122600059641
0.05115415283172081
0.04148933391088423
0.04843100984307375
0.0386493992405844
0.04592549894391179
0.03600276625371039
0.043618448236839524
0.03353271520086332
0.04149258458565369
0.031224243144934813
0.03953231422755871
0.029063872617406086
0.03772353127378458
0.02703948421511758
0.03605345021708872
0.02514016984817408
0.0345104591497849
0.023356103827846645
0.03308399088520164
0.021678429407754204
0.03176440960064869
0.020099158738665815
0.030542910952746416
0.018611084475204823
0.02941143391544826
0.017207701550029115
0.028362582848686535
0.015883137806235605
0.027389558491114574
0.014632092381781047
0.026486096772968926
0.013449780886080585
0.025646414487162206
0.012331886527553515
0.024865160975703293
0.011274516481437742
0.024137375127404992
0.010274162856797442
0.023458447035509644
0.009327667728886303
0.022824083791538774
0.008432191755609986
0.02223027892749191
0.007585185961459261
0.021673285086073635
0.006784366323383792
0.021149589568484173
0.0060276908526850186
0.020655892427634492
0.005313338876764596
0.020189086837533843
0.004639692284543671
0.019746241479617788
0.00400531851767718
0.019324584739907558
0.0034089551183650313
0.018921490524008433
0.0028494956646864453
0.018534465514462695
0.0023259769450593992
0.018161137727647214
0.0018375672358652562
0.017799246230967125
0.00138355558149824
0.017446631913299426
0.0009633419491848136
0.017101229187770295
0.0005764281931578755
0.01676105855344978
0.00022240972721845886
0.01642421991378812
-0.00009903215812589322
