-987.1154818586048
-925.1339032465603
-863.8227684545127
-803.1389414190586
-743.040983562841
-683.4891719046542
-624.4455189734869
-565.8737947181166
-507.73955062879514
-450.01014631421754
-392.65477880807015
-335.64451491375064
-278.9523269342675
-222.55313217633304
-166.42383666284707
-110.54338353485788
-54.892806669940256
0.5447099163719002
55.78376629495258
110.83667388854369
165.71337525815557
220.4213560598949
274.9655491779644
329.34823172563887
383.56891687719525
437.62424481415076
491.50788130394545
545.2104402294235
598.7194611409966
652.0195003750514
705.0924605717036
757.918314099753
810.4774347502802
862.7500182606951
914.7573718448358
966.3750117023768
1018.6227530378167
1067.6600843828573
1130.083707792565
1157.4855776330394
1209.44243017277
1228.9335289940557
1236.082212878254
1301.1938293865865
1301.5369525591689
1383.9848556188047
1383.9953701717332
1476.1124183598258
1476.1126534463908
1576.045985245587
1576.0459905460816
1682.8896503943956
1682.8896523292524
1796.088427593467
1796.08843020752
1915.2701957140287
1915.2701992126488
2040.1710578647796
2040.1710624132877
2170.596150309407
2170.596156085749
2306.39712661201
2306.397133807707
2447.458321800007
2447.458330620514
2593.68779833446
2593.6878089995066
2745.011308131661
2745.011320875582
2901.3680825173365
2901.3680975893876
3062.7078142329988
3062.7078318976614
3228.9884428925343
3228.988463429805
3400.1744973141363
3400.174521019806
3576.235833184516
3576.235860370432
3757.1466572616923
3757.146688256007
3942.88476306735
3942.8847982147595
4133.430925194958
4133.430964856919
4328.76841428149
4328.768458836427
4528.882604944979
4528.882654788476
4733.760656170704
4733.760711715682
4943.391248742744
4943.391310419615
5157.764368015646
5157.764436272465
5376.871123032543
5376.871198335133
5600.703595009328
5600.703677841394
5829.254709716927
5829.25480058015
6062.518129441815
6062.518228855937
6300.488161085066
6300.488269587951
6543.159677641102
6543.15979578878
6790.5280508283795
6790.528179195081
7042.589093061792
7042.589232239957
7299.339007287099
7299.339157887375
7560.774343461357
7560.774506112575
7826.891960674633
7826.89213602377
8097.688994079045
8097.689182791162
8373.162825929563
8373.163028687733
8653.31106015405
8653.311277659266
8938.131499962594
8938.131732933653
9227.622128082545
9227.622377255924
9521.781089268725
9521.781355398429
9820.606674790823
9820.606958648219
10124.097308643657
10124.09761101729
10432.251535262707
10432.251856958097
10745.068008558073
10745.068350397492
11062.545482105987
11062.54584492822
11384.682800359016
11384.6831850191
11711.47889075473
11711.479298123671
12042.932756618446
12042.933187582938
12379.043470769346
12379.043926231436
12719.810169750719
12719.810650627483
13065.232048615171
13065.232555838362
13415.308356204203
13415.30889071987
13770.038390868884
13770.03895363699
14129.421496584864
14129.422088578873
14493.45705942049
14493.457681626935
14862.144504321523
14862.145157739566
15235.483292180315
15235.483977821274
15613.472917160838
15613.473636047707
15996.11290425423
15996.113657421176
16383.402807042294
16383.403595534131
16775.34220564891
16775.34303052057
17171.930704861406
17171.931567177366
17573.167932405904
17573.168833239615
17979.053537362284
17979.054477795595
18389.587188706053
18389.58816982857
18804.768573965408
18804.769596873877
19224.597397983314
19224.598463780985
19649.07338177527
19649.074491571213
20078.196261474237
20078.19741638267
20511.96578735535
20511.966988494947
20950.381722933485
20950.38297142664
21393.443844127443
21393.44514109955
21841.151938485356
21841.15328506406
22293.505804465985
22293.507201780416
22750.505250771574
22750.50669995156
23212.150095727855
