-989.2337017245628
-931.4441619980519
-874.2404013458353
-817.5873485537355
-761.451209133438
-705.7994777838373
-650.6009520031276
-595.8257469647414
-541.4453117835965
-487.43244731337336
-433.7613256330246
-380.4075113977533
-327.3479852516402
-274.5611695205094
-222.02695642853598
-169.72673910782134
-117.64344569704065
-65.76157685100283
-14.067247005824594
37.451770240638005
88.8059922735415
140.00417279864553
191.0532421153274
241.9582422238901
292.72225696076794
343.3463378851044
393.82942757251345
444.1682836004846
494.35740936388356
544.3890029136148
594.2529441445732
643.9368573614125
693.4263201341716
742.7053372494813
791.7574791092825
840.5671696886329
889.1307064178874
937.4224687634382
985.6964243661978
1033.027159561479
1084.9804533030647
1123.178970625003
1187.8635708996358
1195.7220325621481
1217.0719828339716
1258.9342216111397
1260.4202021955057
1329.7871828186337
1329.8440512878144
1409.9689472588225
1409.970500868752
1497.7994447110252
1497.7995139717716
1592.1858167858857
1592.1858740954658
1692.4760604533553
1692.4761405527963
1798.2468168005873
1798.2469249953058
1909.204271660533
1909.2044131016753
2025.1346859410012
2025.1348661028885
2145.877064011481
2145.877288695429
2271.3068421313
2271.307117461961
2401.3255666864598
2401.3258991068546
2535.85405584936
2535.8544521146623
2674.8276984207578
2674.8281655907977
2818.1931221388795
2818.1936675693805
2965.9057716936736
2965.9064030262007
3117.9281096410473
3117.9288347916704
3274.2282550137456
3274.2290821604183
3434.778936435717
3434.7798740043763
3599.5566756603826
3599.557732309771
3768.541142842265
3768.542327447488
3941.7146417523045
3941.715963387136
4119.061694651674
4119.0631625696205
4300.568704527333
4300.570328141474
4486.2236780394815
4486.22546690111
4676.015996587585
4676.017960363657
4869.936225858345
4869.938374307779
5067.975956403055
5067.978299351893
5270.1276694245435
5270.130216740014
5476.384623188397
5476.387384751895
5686.740756415902
5686.743742094937
5901.190605743107
5901.193825362243
6119.729234895735
6119.73269820656
6342.352173672986
6342.355890323153
6569.055365183483
6569.059344684867
6799.835120055244
6799.839371751251
7034.688076564701
7034.692609596781
7273.61116580959
7273.615989082998
7516.601581196277
7516.606703345128
7763.656751630785
7763.662180982465
8014.774317900123
8014.780062439091
8269.9521118105
8269.958179141557
8529.188137715248
8529.194535026301
8792.480556120196
8792.48729014461
9059.827669100114
9059.834746078675
9331.227907298195
9331.235332940758
9606.679818312721
9606.687597759625
9886.182056302372
9886.190194085637
10169.733372664488
10169.741872668908
10457.332607660204
10457.341473084367
10748.97868287699
10748.987916194295
11044.67059443327
11044.680197353027
11344.407406842023
11344.417380270675
11648.188247460632
11648.198591463179
11956.012301463297
11956.023015224997
12267.878807280034
12267.889889068434
12583.787052453034
12583.798499580404
12903.736369866932
12903.748178653186
13227.726134314667
13227.738300050809
13555.7557593649
13555.768276277087
13887.824694500967
13887.837555715254
14223.932422504542
14223.945620012368
14564.078457060263
14564.09198168475
14908.262340560088
14908.276181923226
15256.483642088457
15256.49778857923
15608.741955571339
15608.756394314867
15965.036898074004
15965.051614901762
16325.36810823395
16325.383087655133
16689.735244816773
16689.75046999086
17058.137985384034
17058.153438094618
17430.576025063216
17430.59168569317
17807.04907541091
17807.064922918933
18187.5568633612
18187.572875259822
18572.09913025195
18572.115282587016
18960.675630922447
18960.691898254176
19353.286132876477
19353.302488262125
19749.93041550543
19749.946830483623
20150.608269366472
