-975.0018361098143
-889.1010276235933
-804.4508348346745
-720.9385679199165
-638.4579734430058
-556.9093405328668
-476.1996222260776
-396.24257433574974
-316.95891463545865
-238.27650564607228
-160.13056488684447
-82.46390708711161
-5.227223507995738
71.62059591369633
148.11209165939363
224.27080966005454
300.11081962086325
375.63618117295994
450.84037983216615
525.705793525998
600.2033713910539
674.2926489157408
747.925924857133
821.0339956257758
893.7064352453385
965.1858066093076
1040.110938209891
1101.2640239837472
1182.5874935854777
1215.2155802705875
1237.2219931325244
1322.126779141137
1323.3347211854207
1443.884758873963
1443.9196203896736
1581.3637879591956
1581.3644702833722
1732.2299497856548
1732.2299780765138
1895.0894582290887
1895.08948709694
2069.118426468924
2069.1184676569455
2253.7857856029477
2253.785842097548
2448.7271663082906
2448.72724128511
2653.6812749482465
2653.6813718724898
2868.4544457413162
2868.4545683731258
3092.8993973281563
3092.8995497261685
3326.901780468162
3326.9019669919844
3570.371283802654
3570.37150911424
3823.235545506038
3823.235814569934
4085.43586491789
4085.436183000336
4356.924108895906
4356.924481562769
4637.660434192134
4637.660867305656
4927.611580962263
4927.612080676626
5226.74957451266
5226.750147268328
5535.05072425249
5535.051376769355
5852.4948425375
5852.49558180679
6179.064628549949
6179.065461824924
6514.745177638977
6514.7461124243855
6859.5235871404
6859.524631180714
7213.388637166846
7213.389798433272
7576.330530209771
7576.331816886035
7948.340677279794
7948.342097746715
8329.411521168242
8329.4130839871
8719.536389537192
8719.538103431907
9118.709372142212
9118.711245980334
9526.92521770382
9526.92726047637
9944.179246871914
9944.181467672068
10370.467278444019
10370.469686444676
10805.785566556015
10805.788170986265
11250.130747001222
11250.133557121735
11703.49979117867
11703.502816256041
12165.889966445498
12165.893215725575
12637.298801867326
12637.302284547555
13117.724058536352
13117.72778373717
13607.163703769034
13607.16768050434
14105.615888610528
14105.6201257573
14613.078928167231
14613.083434434282
15129.551284365793
15129.55606826176
15655.031550800428
15655.036620600986
16189.518439382833
16189.523803097227
16733.010768552445
16733.01643388937
17285.507452841062
17285.513427173915
17847.00749361601
17847.013783947616
18417.509970851497
18417.516583778328
18997.014035799195
18997.020977475127
19585.51890444687
19585.526180546574
20183.02385166947
20183.03146735145
20789.52820598974
20789.536165859125
21405.03134487659
21405.03965294767
22029.53269051888
22029.541350177537
22663.031706020232
22663.040719986235
23305.52789196745
23305.537262256752
23957.020783331136
23957.030511218192
24617.509946662067
24617.52003264226
25286.994977551472
25287.00542130369
25965.475498327076
25965.486298676515
26652.951155960178
26652.962310841478
27349.42162016191
27349.433126582593
28054.88658164927
28054.89843565366
28769.34575056387
28769.35794719747
29492.798855028137
29492.811388302587
30225.245639825444
30225.25850268409
30966.685865192125
30966.6990494763
31717.119305710657
31717.13280212672
32476.545749294408
32476.559547381577
33244.964996255316
33244.97908435445
34022.37685844694
34022.391223670194
34808.78115847588
34808.79578667745
35604.177728975315
35604.19260472328
36408.56641193542
36408.581518484614
37221.94705808518
37221.9623773514
38044.31952632152
38044.33503885692
38875.683683181305
38875.69936815115
39716.039402352915
39716.0552375137
40565.38656422362
40565.40252590262
41423.72505546017
41423.741118536505
42291.054768619535
42291.07090650678
43167.37560178753
43167.39178641789
44052.68745824286
44052.70366005305
44946.99024614481
