-991.6426699656421
-938.6241000092941
-886.1014166966098
-834.0474433594617
-782.4359030012265
-731.2414261815807
-680.4395595651108
-630.0067751931128
-579.9204805438569
-530.1590294542219
-480.7017339823873
-431.52887730077987
-382.62172771739466
-333.962553934034
-285.5346416615901
-237.32231172442798
-189.31093979892754
-141.4869779445662
-93.8379780989978
-46.35261772068337
0.9792722280027064
48.166676760039266
95.21736361287924
142.137847095503
188.93334890679273
235.6077558861289
282.16357481165034
328.60188462590065
374.922286911759
421.1228561799342
467.2000927607056
513.148883161527
558.9624762732254
604.6324899044893
650.1489729789375
695.5005681161444
740.6748602718775
785.6590393138825
830.4414264722756
875.0126811134852
919.381440587316
963.5207964096526
1007.7883551275712
1050.9519096961494
1099.9492443163574
1132.6987610224498
1193.6600722337153
1197.220402314745
1215.4205554741104
1253.6803768740667
1254.926576403035
1317.249742973018
1317.2987444055514
1389.1154051533977
1389.1168123782536
1467.7284940914624
1467.728569750927
1552.092763435312
1552.0928319212944
1641.610094470027
1641.6101896974164
1735.8899129754327
1735.8900408873442
1834.6598286094181
1834.6599949927133
1937.7207904180746
1937.7210013870167
2044.922217866649
2044.9224798650794
2156.1471159532525
2156.1474357486227
2271.3026330578064
2271.3030177338564
2390.313791354923
2390.3142483030733
2513.1191674300303
2513.11970433948
2639.667824674357
2639.668449520888
2769.917078521581
2769.91779955506
2903.830832825721
2903.831658556303
3041.378318177037
3041.3792573600845
3182.533119473891
3182.5341810936015
3327.272415757438
3327.2736090092035
3475.576378504414
3475.5777127759184
3627.427690023161
3627.4291748742357
3782.8111541239905
3782.8127992652467
3941.7133785503015
3941.715193820559
4104.122513832543
4104.124509175078
4270.028036948353
4270.030222385994
4439.420570887233
4439.422956496337
4612.291733225452
4612.294329108777
4788.634008319217
4788.636824577744
4968.44063886113
4968.443685564853
5151.705533414295
5151.708820572027
5338.423187209585
5338.426724737817
5528.588614014094
5528.59241170494
5722.197287289146
5722.201354777436
5919.24508918081
5919.24943591036
6119.728266144404
6119.732901333517
6323.643390211943
6323.648322818191
6530.9873250787805
6530.992563763119
6741.757196321579
6741.762749411842
6955.950365170595
6955.956240624438
7173.5644053502465
7173.570610717568
7394.597082576872
7394.603624961809
7619.046336364755
7619.05322238727
7846.910263843045
7846.917499600199
8078.187105329477
8078.194696356432
8312.875231442857
8312.88318267367
8550.973131566774
8550.981447295057
8792.479403502763
8792.488087342263
9037.392744172836
9037.401799018018
9285.711941249987
9285.721369236653
9537.43586561089
9537.445668076938
9792.56346451874
9792.57364196511
10051.093755455635
10051.104307507512
10313.02582053395
10313.036745902302
10578.358801424742
10578.370097868243
10847.091894748683
10847.103559036113
11119.224347881422
11119.236375754605
11394.755455130993
11394.767841268318
11673.684554249598
11673.697292230234
11956.01102324649
11956.024105515335
12241.734277472395
12241.747695305832
12530.853766949045
12530.867510421574
12823.36897392045
12823.383031872272
13119.279410604879
13119.29377061048
13418.584617128861
13418.599265466682
13721.284159626415
13721.299081249657
14027.37762848848
14027.392806997112
14336.86463674901
14336.88005436305
14649.744818595613
14649.760456129741
14966.017827993788
14966.033664833338
15285.683337414901
15285.699351493302
15608.741036658987
15608.757204436724
15935.190631764332
15935.206928209449
16265.031843996574
16265.048242566807
16598.264408910683
16598.280881537252
16934.888075479903
