-986.262769719405
-922.594452699136
-859.6321229537929
-797.3290852244423
-735.6405378091636
-674.5235934741767
-613.9373025092377
-553.8426781626993
-494.20272472209456
-434.98246854065866
-376.14899234924275
-317.67147323690205
-259.5212247322458
-201.67174347096974
-144.0987609920279
-86.78030126316516
-29.696744591705247
27.169101379789254
83.83192287574639
140.3038127049528
196.594173942279
252.70961433334023
308.6538318089866
364.4274926984171
420.0281064714995
475.4499049967389
530.683742066373
585.7170436002195
640.5338685733074
695.1151895392528
749.4397167626964
803.4850519304732
857.2363718280612
910.6613624978568
963.959901288017
1016.3188501420593
1072.7764720673988
1116.1908993823822
1184.725685805925
1197.5979644915567
1220.1929924598485
1269.442625717504
1270.9634751771982
1350.1018512865523
1350.1569194612582
1441.3344083685497
1441.335791460522
1541.309429403139
1541.309456428567
1648.851566239096
1648.851568132691
1763.2619207354262
1763.261922887777
1884.0877662157463
1884.0877691414805
2011.015812626328
2011.0158164829675
2143.8189107932512
2143.818915746747
2282.3265861341956
2282.326592363657
2426.4074478884195
2426.407455586522
2575.9580593782584
2575.958068751593
2730.8955682686656
2730.8955795380853
2891.152644574724
2891.1526579756655
3056.6738975736916
3056.6739133564943
3227.413274943673
3227.4132933738806
3403.3321341638625
3403.332155522514
3584.397785972182
3584.3978105560864
3770.58237670491
3770.582404826909
3961.8620186405833
3961.8620506298003
4158.21610493467
4158.216141136743
4359.6267640166025
4359.626804793906
4566.0784207676115
4566.078466499458
4777.557440439504
4777.557491522338
4994.051837381449
4994.05189422902
5215.5510350270115
5215.551098070531
5442.045666788127
5442.045736476418
5673.527409860753
5673.527486660372
5909.988845708307
5909.988930103659
6151.423342319499
6151.423434812937
6397.824954352116
6397.825055464012
6649.18833805605
6649.188448324865
6905.508678476056
6905.508798458382
7166.781626910125
7166.781757180718
7433.003246974474
7433.0033881262625
7704.169967924056
7704.170120568136
7980.278544115773
7980.278708881387
8261.326019693148
8261.326197227641
8547.309697726318
8547.309888695087
8838.227113167317
8838.22731825373
9134.076009083721
9134.076228989019
9434.854315718452
9434.854551161645
9740.560131993452
9740.560383711185
10051.191709132876
10051.191977879282
10366.747436129646
10366.747722676178
10687.225826819582
10687.226131954827
11012.62550836095
11012.625832890428
11342.94521094592
11342.945555691858
11678.183758594181
11678.184124395279
12018.340060899538
12018.340448610697
12363.413105617377
12363.413516109435
12713.401951995806
12713.402386155229
13068.305724765707
13068.306183494282
13428.123608715834
13428.124092930326
13792.854843788276
13792.855354420082
14162.498720637685
14162.499258632455
14537.054576604434
14537.055142921685
14916.521792058
14916.522387670702
15300.899787071872
15300.900412966022
15690.188018395944
15690.18867557012
16084.385976696127
16084.386666161017
16483.49318403452
16483.493906812444
16887.50919156622
16887.50994869062
17296.43357743179
17296.434369946714
17710.265944826402
17710.26677378596
18129.005920228938
18129.006786696747
18552.653151775972
18552.654056824584
18981.20730776721
18981.20825247751
19414.668075290312
19414.669060750908
19853.035158954284
19853.03618626088
20296.308279721747
20296.3093499765
20744.487173831272
20744.488288142107
21197.57159180195
21197.572751281903
21655.56129751303
21655.56250327954
22118.456067352276
22118.45732052646
22586.255689427133
22586.25699113307
23058.959962833516
23058.961314197477
23536.568696977414
23536.570099127115
24019.081710944974
24019.08316500879
24506.49883291721
